feature binding working memory experiment - P108CS / session 2 / 2025425_11056 

1.0000 2.3353 1.0000 5.0000 NaN NaN NaN 2.0000 4.0000 NaN NaN 2021.0000 4028.0000 2.0000 1.0000 1.0000 5.0000 5.0000 
2.0000 2.6414 1.0000 1.0000 NaN NaN NaN 1.0000 1.0000 NaN NaN 1012.0000 1015.0000 1.0000 2.0000 1.0000 1.0000 1.0000 
3.0000 2.3175 1.0000 1.0000 NaN NaN NaN 3.0000 2.0000 NaN NaN 3011.0000 2018.0000 2.0000 2.0000 1.0000 1.0000 1.0000 
4.0000 1.9222 1.0000 5.0000 NaN NaN NaN 4.0000 4.0000 NaN NaN 4029.0000 4014.0000 4.0000 1.0000 1.0000 5.0000 5.0000 
5.0000 2.1204 1.0000 0.0000 NaN NaN NaN 2.0000 2.0000 NaN NaN 2029.0000 2011.0000 3.0000 2.0000 0.0000 0.0000 0.0000 
6.0000 3.4079 1.0000 0.0000 NaN NaN NaN 1.0000 4.0000 NaN NaN 1029.0000 4025.0000 1.0000 2.0000 0.0000 0.0000 0.0000 
7.0000 4.7124 1.0000 5.0000 NaN NaN NaN 3.0000 4.0000 NaN NaN 3027.0000 4018.0000 3.0000 1.0000 1.0000 5.0000 5.0000 
8.0000 5.2066 1.0000 5.0000 NaN NaN NaN 3.0000 4.0000 NaN NaN 3022.0000 4016.0000 3.0000 1.0000 1.0000 5.0000 5.0000 
9.0000 4.1665 1.0000 0.0000 NaN NaN NaN 2.0000 2.0000 NaN NaN 2024.0000 2026.0000 3.0000 1.0000 0.0000 0.0000 0.0000 
10.0000 4.2495 1.0000 0.0000 NaN NaN NaN 3.0000 2.0000 NaN NaN 3015.0000 2029.0000 2.0000 1.0000 0.0000 0.0000 0.0000 
11.0000 2.4877 1.0000 5.0000 NaN NaN NaN 2.0000 4.0000 NaN NaN 2021.0000 4011.0000 2.0000 1.0000 1.0000 5.0000 5.0000 
12.0000 3.1533 1.0000 5.0000 NaN NaN NaN 1.0000 1.0000 NaN NaN 1021.0000 1026.0000 1.0000 2.0000 1.0000 5.0000 5.0000 
13.0000 2.6285 1.0000 1.0000 NaN NaN NaN 2.0000 2.0000 NaN NaN 2014.0000 2018.0000 2.0000 2.0000 1.0000 1.0000 1.0000 
14.0000 2.3819 1.0000 1.0000 NaN NaN NaN 3.0000 2.0000 NaN NaN 3014.0000 2015.0000 2.0000 2.0000 1.0000 1.0000 1.0000 
15.0000 4.6180 1.0000 1.0000 NaN NaN NaN 3.0000 2.0000 NaN NaN 3015.0000 2012.0000 2.0000 2.0000 1.0000 1.0000 1.0000 
16.0000 1.9721 1.0000 5.0000 NaN NaN NaN 3.0000 3.0000 NaN NaN 3029.0000 3023.0000 3.0000 2.0000 1.0000 5.0000 5.0000 
17.0000 2.0038 0.0000 1.0000 NaN NaN NaN 3.0000 4.0000 NaN NaN 3028.0000 4011.0000 4.0000 1.0000 0.0000 0.0000 0.0000 
18.0000 0.7369 0.0000 5.0000 NaN NaN NaN 4.0000 4.0000 NaN NaN 4011.0000 4024.0000 4.0000 1.0000 1.0000 1.0000 1.0000 
19.0000 2.7159 1.0000 5.0000 NaN NaN NaN 1.0000 3.0000 NaN NaN 1023.0000 3017.0000 1.0000 1.0000 1.0000 5.0000 5.0000 
20.0000 5.0913 1.0000 5.0000 NaN NaN NaN 2.0000 1.0000 NaN NaN 2027.0000 1021.0000 1.0000 2.0000 1.0000 5.0000 5.0000 
21.0000 1.1413 1.0000 5.0000 NaN NaN NaN 1.0000 1.0000 NaN NaN 1027.0000 1028.0000 1.0000 2.0000 1.0000 5.0000 5.0000 
22.0000 3.9097 1.0000 0.0000 NaN NaN NaN 3.0000 4.0000 NaN NaN 3021.0000 4016.0000 4.0000 1.0000 0.0000 0.0000 0.0000 
23.0000 2.2782 1.0000 5.0000 NaN NaN NaN 1.0000 4.0000 NaN NaN 1028.0000 4022.0000 1.0000 1.0000 1.0000 5.0000 5.0000 
24.0000 3.8153 0.0000 5.0000 NaN NaN NaN 1.0000 4.0000 NaN NaN 1015.0000 4014.0000 4.0000 1.0000 0.0000 0.0000 0.0000 
25.0000 10.7173 1.0000 0.0000 NaN NaN NaN 3.0000 1.0000 NaN NaN 3021.0000 1019.0000 3.0000 2.0000 0.0000 0.0000 0.0000 
26.0000 3.6067 0.0000 5.0000 NaN NaN NaN 3.0000 3.0000 NaN NaN 3024.0000 3018.0000 3.0000 2.0000 1.0000 1.0000 1.0000 
27.0000 4.5970 0.0000 5.0000 NaN NaN NaN 2.0000 3.0000 NaN NaN 2026.0000 3015.0000 3.0000 2.0000 1.0000 1.0000 1.0000 
28.0000 4.4099 1.0000 1.0000 NaN NaN NaN 1.0000 1.0000 NaN NaN 1012.0000 1017.0000 1.0000 1.0000 1.0000 1.0000 1.0000 
29.0000 2.4235 0.0000 5.0000 NaN NaN NaN 4.0000 2.0000 NaN NaN 4013.0000 2029.0000 2.0000 1.0000 0.0000 0.0000 0.0000 
30.0000 1.8761 1.0000 1.0000 NaN NaN NaN 4.0000 2.0000 NaN NaN 4017.0000 2013.0000 2.0000 2.0000 1.0000 1.0000 1.0000 
31.0000 4.0477 1.0000 1.0000 NaN NaN NaN 2.0000 4.0000 NaN NaN 2028.0000 4017.0000 4.0000 2.0000 1.0000 1.0000 1.0000 
32.0000 3.5585 1.0000 5.0000 NaN NaN NaN 3.0000 4.0000 NaN NaN 3026.0000 4019.0000 3.0000 1.0000 1.0000 5.0000 5.0000 
33.0000 2.1060 1.0000 1.0000 NaN NaN NaN 2.0000 4.0000 NaN NaN 2023.0000 4011.0000 4.0000 2.0000 1.0000 1.0000 1.0000 
34.0000 2.2462 1.0000 5.0000 NaN NaN NaN 2.0000 4.0000 NaN NaN 2022.0000 4028.0000 4.0000 2.0000 1.0000 5.0000 5.0000 
35.0000 4.4591 1.0000 0.0000 NaN NaN NaN 2.0000 4.0000 NaN NaN 2013.0000 4017.0000 2.0000 2.0000 0.0000 0.0000 0.0000 
36.0000 2.7345 1.0000 1.0000 NaN NaN NaN 3.0000 3.0000 NaN NaN 3016.0000 3011.0000 3.0000 1.0000 1.0000 1.0000 1.0000 
37.0000 4.5053 1.0000 0.0000 NaN NaN NaN 1.0000 3.0000 NaN NaN 1015.0000 3029.0000 1.0000 2.0000 0.0000 0.0000 0.0000 
38.0000 2.5087 1.0000 1.0000 NaN NaN NaN 1.0000 1.0000 NaN NaN 1015.0000 1014.0000 1.0000 2.0000 1.0000 1.0000 1.0000 
39.0000 3.7306 1.0000 5.0000 NaN NaN NaN 2.0000 3.0000 NaN NaN 2018.0000 3025.0000 3.0000 2.0000 1.0000 5.0000 5.0000 
40.0000 8.6631 0.0000 0.0000 NaN NaN NaN 3.0000 1.0000 NaN NaN 3029.0000 1028.0000 3.0000 1.0000 1.0000 5.0000 5.0000 
41.0000 9.6997 1.0000 0.0000 NaN NaN NaN 4.0000 2.0000 NaN NaN 4018.0000 2022.0000 2.0000 1.0000 0.0000 0.0000 0.0000 
42.0000 5.1391 1.0000 5.0000 NaN NaN NaN 2.0000 3.0000 NaN NaN 2028.0000 3029.0000 2.0000 1.0000 1.0000 5.0000 5.0000 
43.0000 2.6549 1.0000 5.0000 NaN NaN NaN 2.0000 1.0000 NaN NaN 2028.0000 1022.0000 1.0000 2.0000 1.0000 5.0000 5.0000 
44.0000 2.4233 1.0000 5.0000 NaN NaN NaN 4.0000 1.0000 NaN NaN 4027.0000 1014.0000 4.0000 1.0000 1.0000 5.0000 5.0000 
45.0000 9.4669 1.0000 0.0000 NaN NaN NaN 4.0000 2.0000 NaN NaN 4017.0000 2028.0000 4.0000 2.0000 0.0000 0.0000 0.0000 
46.0000 1.4668 1.0000 5.0000 NaN NaN NaN 1.0000 1.0000 NaN NaN 1023.0000 1029.0000 1.0000 1.0000 1.0000 5.0000 5.0000 
47.0000 8.8027 0.0000 0.0000 NaN NaN NaN 4.0000 3.0000 NaN NaN 4021.0000 3021.0000 3.0000 2.0000 1.0000 5.0000 5.0000 
48.0000 8.2028 1.0000 0.0000 NaN NaN NaN 1.0000 4.0000 NaN NaN 1022.0000 4014.0000 1.0000 2.0000 0.0000 0.0000 0.0000 
49.0000 8.2015 1.0000 0.0000 NaN NaN NaN 2.0000 3.0000 NaN NaN 2025.0000 3027.0000 2.0000 2.0000 0.0000 0.0000 0.0000 
50.0000 1.3645 1.0000 5.0000 NaN NaN NaN 4.0000 4.0000 NaN NaN 4022.0000 4024.0000 4.0000 1.0000 1.0000 5.0000 5.0000 
51.0000 3.1820 1.0000 5.0000 NaN NaN NaN 1.0000 2.0000 NaN NaN 1025.0000 2028.0000 2.0000 2.0000 1.0000 5.0000 5.0000 
52.0000 2.4512 1.0000 1.0000 NaN NaN NaN 4.0000 4.0000 NaN NaN 4012.0000 4011.0000 4.0000 2.0000 1.0000 1.0000 1.0000 
53.0000 5.7531 1.0000 0.0000 NaN NaN NaN 4.0000 3.0000 NaN NaN 4014.0000 3017.0000 4.0000 2.0000 0.0000 0.0000 0.0000 
54.0000 11.4992 1.0000 5.0000 NaN NaN NaN 4.0000 3.0000 NaN NaN 4017.0000 3022.0000 3.0000 2.0000 1.0000 5.0000 5.0000 
55.0000 4.3259 1.0000 0.0000 NaN NaN NaN 3.0000 2.0000 NaN NaN 3022.0000 2013.0000 3.0000 2.0000 0.0000 0.0000 0.0000 
56.0000 1.9225 1.0000 0.0000 NaN NaN NaN 1.0000 1.0000 NaN NaN 1011.0000 1012.0000 4.0000 1.0000 0.0000 0.0000 0.0000 
57.0000 1.8445 1.0000 1.0000 NaN NaN NaN 3.0000 4.0000 NaN NaN 3019.0000 4015.0000 3.0000 1.0000 1.0000 1.0000 1.0000 
58.0000 2.8422 1.0000 0.0000 NaN NaN NaN 1.0000 2.0000 NaN NaN 1022.0000 2013.0000 1.0000 2.0000 0.0000 0.0000 0.0000 
59.0000 4.4643 1.0000 0.0000 NaN NaN NaN 4.0000 3.0000 NaN NaN 4014.0000 3014.0000 3.0000 1.0000 0.0000 0.0000 0.0000 
60.0000 3.3117 1.0000 0.0000 NaN NaN NaN 4.0000 2.0000 NaN NaN 4016.0000 2013.0000 2.0000 1.0000 0.0000 0.0000 0.0000 
61.0000 3.1535 1.0000 0.0000 NaN NaN NaN 3.0000 4.0000 NaN NaN 3012.0000 4014.0000 3.0000 2.0000 0.0000 0.0000 0.0000 
62.0000 4.1198 1.0000 5.0000 NaN NaN NaN 3.0000 1.0000 NaN NaN 3021.0000 1025.0000 1.0000 2.0000 1.0000 5.0000 5.0000 
63.0000 4.3258 1.0000 0.0000 NaN NaN NaN 2.0000 2.0000 NaN NaN 2011.0000 2029.0000 3.0000 2.0000 0.0000 0.0000 0.0000 
64.0000 1.7649 1.0000 1.0000 NaN NaN NaN 2.0000 4.0000 NaN NaN 2028.0000 4011.0000 4.0000 2.0000 1.0000 1.0000 1.0000 
65.0000 3.8728 1.0000 5.0000 NaN NaN NaN 1.0000 3.0000 NaN NaN 1023.0000 3027.0000 3.0000 2.0000 1.0000 5.0000 5.0000 
66.0000 3.3123 1.0000 0.0000 NaN NaN NaN 1.0000 3.0000 NaN NaN 1027.0000 3024.0000 1.0000 2.0000 0.0000 0.0000 0.0000 
67.0000 5.4614 1.0000 0.0000 NaN NaN NaN 3.0000 4.0000 NaN NaN 3013.0000 4026.0000 4.0000 1.0000 0.0000 0.0000 0.0000 
68.0000 3.4547 1.0000 1.0000 NaN NaN NaN 3.0000 1.0000 NaN NaN 3015.0000 1011.0000 1.0000 2.0000 1.0000 1.0000 1.0000 
69.0000 2.9360 0.0000 1.0000 NaN NaN NaN 1.0000 2.0000 NaN NaN 1027.0000 2015.0000 2.0000 1.0000 0.0000 0.0000 0.0000 
70.0000 2.7596 1.0000 1.0000 NaN NaN NaN 1.0000 3.0000 NaN NaN 1016.0000 3017.0000 1.0000 1.0000 1.0000 1.0000 1.0000 
71.0000 1.7378 1.0000 5.0000 NaN NaN NaN 4.0000 2.0000 NaN NaN 4014.0000 2027.0000 2.0000 2.0000 1.0000 5.0000 5.0000 
72.0000 1.9209 1.0000 5.0000 NaN NaN NaN 4.0000 1.0000 NaN NaN 4027.0000 1026.0000 1.0000 2.0000 1.0000 5.0000 5.0000 
73.0000 1.4445 1.0000 5.0000 NaN NaN NaN 1.0000 2.0000 NaN NaN 1029.0000 2025.0000 2.0000 2.0000 1.0000 5.0000 5.0000 
74.0000 5.1900 1.0000 0.0000 NaN NaN NaN 2.0000 3.0000 NaN NaN 2016.0000 3027.0000 3.0000 1.0000 0.0000 0.0000 0.0000 
75.0000 2.2331 1.0000 5.0000 NaN NaN NaN 4.0000 4.0000 NaN NaN 4024.0000 4022.0000 4.0000 1.0000 1.0000 5.0000 5.0000 
76.0000 3.3802 1.0000 0.0000 NaN NaN NaN 4.0000 2.0000 NaN NaN 4016.0000 2027.0000 4.0000 2.0000 0.0000 0.0000 0.0000 
77.0000 2.5566 1.0000 5.0000 NaN NaN NaN 1.0000 4.0000 NaN NaN 1012.0000 4028.0000 4.0000 2.0000 1.0000 5.0000 5.0000 
78.0000 11.5252 0.0000 0.0000 NaN NaN NaN 4.0000 3.0000 NaN NaN 4027.0000 3028.0000 4.0000 1.0000 1.0000 5.0000 5.0000 
79.0000 4.2520 1.0000 0.0000 NaN NaN NaN 4.0000 3.0000 NaN NaN 4014.0000 3029.0000 3.0000 1.0000 0.0000 0.0000 0.0000 
80.0000 3.4658 1.0000 0.0000 NaN NaN NaN 2.0000 3.0000 NaN NaN 2014.0000 3023.0000 2.0000 2.0000 0.0000 0.0000 0.0000 
81.0000 3.0491 1.0000 0.0000 NaN NaN NaN 3.0000 4.0000 NaN NaN 3028.0000 4024.0000 3.0000 2.0000 0.0000 0.0000 0.0000 
82.0000 1.9481 1.0000 0.0000 NaN NaN NaN 1.0000 1.0000 NaN NaN 1021.0000 1022.0000 4.0000 1.0000 0.0000 0.0000 0.0000 
83.0000 2.9310 1.0000 5.0000 NaN NaN NaN 2.0000 2.0000 NaN NaN 2011.0000 2021.0000 2.0000 2.0000 1.0000 5.0000 5.0000 
84.0000 5.5317 1.0000 5.0000 NaN NaN NaN 2.0000 3.0000 NaN NaN 2026.0000 3011.0000 2.0000 1.0000 1.0000 5.0000 5.0000 
85.0000 8.7541 1.0000 0.0000 NaN NaN NaN 4.0000 1.0000 NaN NaN 4018.0000 1025.0000 1.0000 1.0000 0.0000 0.0000 0.0000 
86.0000 2.1018 1.0000 5.0000 NaN NaN NaN 2.0000 3.0000 NaN NaN 2029.0000 3018.0000 2.0000 1.0000 1.0000 5.0000 5.0000 
87.0000 4.6947 1.0000 1.0000 NaN NaN NaN 3.0000 4.0000 NaN NaN 3012.0000 4015.0000 4.0000 2.0000 1.0000 1.0000 1.0000 
88.0000 2.6791 1.0000 1.0000 NaN NaN NaN 3.0000 3.0000 NaN NaN 3024.0000 3014.0000 3.0000 2.0000 1.0000 1.0000 1.0000 
89.0000 3.5527 1.0000 0.0000 NaN NaN NaN 1.0000 3.0000 NaN NaN 1018.0000 3013.0000 1.0000 2.0000 0.0000 0.0000 0.0000 
90.0000 4.2864 1.0000 0.0000 NaN NaN NaN 3.0000 3.0000 NaN NaN 3013.0000 3019.0000 2.0000 1.0000 0.0000 0.0000 0.0000 
91.0000 3.5933 1.0000 0.0000 NaN NaN NaN 2.0000 1.0000 NaN NaN 2018.0000 1026.0000 2.0000 2.0000 0.0000 0.0000 0.0000 
92.0000 2.6361 1.0000 5.0000 NaN NaN NaN 3.0000 2.0000 NaN NaN 3014.0000 2024.0000 2.0000 2.0000 1.0000 5.0000 5.0000 
93.0000 3.1174 1.0000 0.0000 NaN NaN NaN 4.0000 1.0000 NaN NaN 4026.0000 1028.0000 4.0000 2.0000 0.0000 0.0000 0.0000 
94.0000 3.4021 1.0000 1.0000 NaN NaN NaN 2.0000 1.0000 NaN NaN 2022.0000 1014.0000 1.0000 2.0000 1.0000 1.0000 1.0000 
95.0000 5.7411 1.0000 0.0000 NaN NaN NaN 3.0000 2.0000 NaN NaN 3015.0000 2012.0000 3.0000 2.0000 0.0000 0.0000 0.0000 
96.0000 4.4950 1.0000 1.0000 NaN NaN NaN 1.0000 3.0000 NaN NaN 1018.0000 3026.0000 1.0000 1.0000 1.0000 1.0000 1.0000 
97.0000 2.3339 1.0000 1.0000 NaN NaN NaN 2.0000 1.0000 NaN NaN 2012.0000 1022.0000 2.0000 1.0000 1.0000 1.0000 1.0000 
98.0000 1.1747 1.0000 1.0000 NaN NaN NaN 4.0000 4.0000 NaN NaN 4018.0000 4016.0000 4.0000 1.0000 1.0000 1.0000 1.0000 
99.0000 2.0721 1.0000 5.0000 NaN NaN NaN 2.0000 2.0000 NaN NaN 2012.0000 2027.0000 2.0000 2.0000 1.0000 5.0000 5.0000 
100.0000 3.1281 1.0000 5.0000 NaN NaN NaN 2.0000 1.0000 NaN NaN 2023.0000 1024.0000 2.0000 1.0000 1.0000 5.0000 5.0000 
101.0000 3.5468 1.0000 1.0000 NaN NaN NaN 3.0000 1.0000 NaN NaN 3024.0000 1019.0000 1.0000 2.0000 1.0000 1.0000 1.0000 
102.0000 1.2510 1.0000 5.0000 NaN NaN NaN 3.0000 1.0000 NaN NaN 3016.0000 1021.0000 1.0000 2.0000 1.0000 5.0000 5.0000 
103.0000 1.7648 1.0000 5.0000 NaN NaN NaN 2.0000 3.0000 NaN NaN 2015.0000 3027.0000 3.0000 2.0000 1.0000 5.0000 5.0000 
104.0000 2.5347 1.0000 1.0000 NaN NaN NaN 1.0000 2.0000 NaN NaN 1018.0000 2016.0000 2.0000 2.0000 1.0000 1.0000 1.0000 
105.0000 3.6880 1.0000 1.0000 NaN NaN NaN 4.0000 3.0000 NaN NaN 4011.0000 3027.0000 4.0000 1.0000 1.0000 1.0000 1.0000 
106.0000 3.4064 1.0000 0.0000 NaN NaN NaN 2.0000 1.0000 NaN NaN 2026.0000 1016.0000 2.0000 2.0000 0.0000 0.0000 0.0000 
107.0000 1.2352 1.0000 5.0000 NaN NaN NaN 4.0000 4.0000 NaN NaN 4025.0000 4024.0000 4.0000 1.0000 1.0000 5.0000 5.0000 
108.0000 1.4299 1.0000 1.0000 NaN NaN NaN 4.0000 4.0000 NaN NaN 4011.0000 4012.0000 4.0000 2.0000 1.0000 1.0000 1.0000 
109.0000 8.5834 1.0000 5.0000 NaN NaN NaN 2.0000 2.0000 NaN NaN 2022.0000 2012.0000 2.0000 1.0000 1.0000 5.0000 5.0000 
110.0000 4.2342 1.0000 0.0000 NaN NaN NaN 2.0000 4.0000 NaN NaN 2015.0000 4021.0000 4.0000 1.0000 0.0000 0.0000 0.0000 
111.0000 2.3600 1.0000 1.0000 NaN NaN NaN 1.0000 4.0000 NaN NaN 1013.0000 4018.0000 1.0000 1.0000 1.0000 1.0000 1.0000 
112.0000 3.2772 1.0000 5.0000 NaN NaN NaN 1.0000 1.0000 NaN NaN 1023.0000 1025.0000 1.0000 2.0000 1.0000 5.0000 5.0000 
113.0000 2.7730 1.0000 0.0000 NaN NaN NaN 1.0000 3.0000 NaN NaN 1025.0000 3012.0000 1.0000 2.0000 0.0000 0.0000 0.0000 
114.0000 9.4748 1.0000 1.0000 NaN NaN NaN 1.0000 2.0000 NaN NaN 1013.0000 2019.0000 1.0000 1.0000 1.0000 1.0000 1.0000 
115.0000 2.8597 1.0000 1.0000 NaN NaN NaN 2.0000 4.0000 NaN NaN 2011.0000 4024.0000 2.0000 1.0000 1.0000 1.0000 1.0000 
116.0000 2.2016 1.0000 1.0000 NaN NaN NaN 4.0000 1.0000 NaN NaN 4016.0000 1011.0000 4.0000 1.0000 1.0000 1.0000 1.0000 
117.0000 2.5488 1.0000 5.0000 NaN NaN NaN 3.0000 2.0000 NaN NaN 3028.0000 2017.0000 3.0000 1.0000 1.0000 5.0000 5.0000 
118.0000 2.8938 1.0000 0.0000 NaN NaN NaN 1.0000 1.0000 NaN NaN 1018.0000 1026.0000 4.0000 1.0000 0.0000 0.0000 0.0000 
119.0000 4.1451 1.0000 5.0000 NaN NaN NaN 2.0000 1.0000 NaN NaN 2011.0000 1023.0000 1.0000 2.0000 1.0000 5.0000 5.0000 
120.0000 3.8713 1.0000 5.0000 NaN NaN NaN 2.0000 3.0000 NaN NaN 2026.0000 3022.0000 3.0000 2.0000 1.0000 5.0000 5.0000 
121.0000 1.5855 1.0000 5.0000 NaN NaN NaN 1.0000 4.0000 NaN NaN 1029.0000 4025.0000 4.0000 2.0000 1.0000 5.0000 5.0000 
122.0000 1.2463 1.0000 5.0000 NaN NaN NaN 3.0000 3.0000 NaN NaN 3025.0000 3011.0000 3.0000 1.0000 1.0000 5.0000 5.0000 
123.0000 28.8968 0.0000 0.0000 NaN NaN NaN 4.0000 3.0000 NaN NaN 4025.0000 3011.0000 4.0000 1.0000 1.0000 5.0000 5.0000 
124.0000 3.4615 0.0000 1.0000 NaN NaN NaN 4.0000 1.0000 NaN NaN 4015.0000 1018.0000 1.0000 1.0000 0.0000 0.0000 0.0000 
125.0000 2.0244 1.0000 1.0000 NaN NaN NaN 3.0000 3.0000 NaN NaN 3013.0000 3023.0000 3.0000 1.0000 1.0000 1.0000 1.0000 
126.0000 1.3579 1.0000 5.0000 NaN NaN NaN 4.0000 4.0000 NaN NaN 4023.0000 4022.0000 4.0000 2.0000 1.0000 5.0000 5.0000 
127.0000 2.3164 1.0000 1.0000 NaN NaN NaN 3.0000 4.0000 NaN NaN 3013.0000 4014.0000 4.0000 2.0000 1.0000 1.0000 1.0000 
128.0000 1.7103 1.0000 1.0000 NaN NaN NaN 1.0000 2.0000 NaN NaN 1012.0000 2025.0000 1.0000 1.0000 1.0000 1.0000 1.0000 
129.0000 1.7895 1.0000 1.0000 NaN NaN NaN 4.0000 1.0000 NaN NaN 4011.0000 1026.0000 4.0000 1.0000 1.0000 1.0000 1.0000 
130.0000 1.7543 1.0000 5.0000 NaN NaN NaN 2.0000 3.0000 NaN NaN 2029.0000 3015.0000 2.0000 1.0000 1.0000 5.0000 5.0000 
131.0000 4.4969 0.0000 1.0000 NaN NaN NaN 4.0000 2.0000 NaN NaN 4022.0000 2023.0000 4.0000 2.0000 0.0000 0.0000 0.0000 
132.0000 3.2481 1.0000 0.0000 NaN NaN NaN 3.0000 3.0000 NaN NaN 3026.0000 3012.0000 2.0000 1.0000 0.0000 0.0000 0.0000 
133.0000 2.1676 1.0000 1.0000 NaN NaN NaN 3.0000 2.0000 NaN NaN 3023.0000 2013.0000 2.0000 2.0000 1.0000 1.0000 1.0000 
134.0000 4.8705 1.0000 0.0000 NaN NaN NaN 2.0000 2.0000 NaN NaN 2013.0000 2017.0000 3.0000 1.0000 0.0000 0.0000 0.0000 
135.0000 1.8894 0.0000 1.0000 NaN NaN NaN 1.0000 4.0000 NaN NaN 1018.0000 4018.0000 1.0000 1.0000 1.0000 5.0000 5.0000 
136.0000 2.2980 1.0000 1.0000 NaN NaN NaN 3.0000 4.0000 NaN NaN 3012.0000 4011.0000 4.0000 2.0000 1.0000 1.0000 1.0000 
137.0000 1.1149 1.0000 5.0000 NaN NaN NaN 2.0000 1.0000 NaN NaN 2021.0000 1027.0000 1.0000 2.0000 1.0000 5.0000 5.0000 
138.0000 2.3187 1.0000 1.0000 NaN NaN NaN 4.0000 4.0000 NaN NaN 4029.0000 4017.0000 4.0000 2.0000 1.0000 1.0000 1.0000 
139.0000 4.8040 1.0000 0.0000 NaN NaN NaN 2.0000 1.0000 NaN NaN 2018.0000 1016.0000 2.0000 2.0000 0.0000 0.0000 0.0000 
140.0000 2.9819 0.0000 0.0000 NaN NaN NaN 2.0000 3.0000 NaN NaN 2018.0000 3021.0000 3.0000 2.0000 1.0000 5.0000 5.0000 
141.0000 3.7543 1.0000 0.0000 NaN NaN NaN 4.0000 1.0000 NaN NaN 4012.0000 1029.0000 1.0000 1.0000 0.0000 0.0000 0.0000 
142.0000 5.0591 1.0000 0.0000 NaN NaN NaN 2.0000 1.0000 NaN NaN 2016.0000 1013.0000 2.0000 2.0000 0.0000 0.0000 0.0000 
143.0000 6.7240 1.0000 1.0000 NaN NaN NaN 2.0000 3.0000 NaN NaN 2022.0000 3017.0000 3.0000 2.0000 1.0000 1.0000 1.0000 
144.0000 3.3782 0.0000 1.0000 NaN NaN NaN 4.0000 3.0000 NaN NaN 4022.0000 3016.0000 3.0000 1.0000 0.0000 0.0000 0.0000 
145.0000 10.7002 0.0000 1.0000 NaN NaN NaN 1.0000 4.0000 NaN NaN 1014.0000 4028.0000 4.0000 1.0000 0.0000 0.0000 0.0000 
146.0000 4.0845 1.0000 0.0000 NaN NaN NaN 4.0000 3.0000 NaN NaN 4026.0000 3014.0000 4.0000 2.0000 0.0000 0.0000 0.0000 
147.0000 4.2074 1.0000 1.0000 NaN NaN NaN 4.0000 3.0000 NaN NaN 4011.0000 3021.0000 4.0000 1.0000 1.0000 1.0000 1.0000 
148.0000 4.1056 1.0000 0.0000 NaN NaN NaN 3.0000 4.0000 NaN NaN 3029.0000 4022.0000 3.0000 2.0000 0.0000 0.0000 0.0000 
149.0000 4.0434 1.0000 0.0000 NaN NaN NaN 2.0000 4.0000 NaN NaN 2029.0000 4025.0000 2.0000 2.0000 0.0000 0.0000 0.0000 
150.0000 3.4832 1.0000 0.0000 NaN NaN NaN 4.0000 1.0000 NaN NaN 4013.0000 1011.0000 1.0000 1.0000 0.0000 0.0000 0.0000 
151.0000 5.5200 1.0000 0.0000 NaN NaN NaN 1.0000 4.0000 NaN NaN 1028.0000 4016.0000 4.0000 1.0000 0.0000 0.0000 0.0000 
152.0000 2.0928 1.0000 1.0000 NaN NaN NaN 1.0000 3.0000 NaN NaN 1016.0000 3011.0000 1.0000 1.0000 1.0000 1.0000 1.0000 
153.0000 4.5956 1.0000 0.0000 NaN NaN NaN 1.0000 2.0000 NaN NaN 1027.0000 2014.0000 2.0000 1.0000 0.0000 0.0000 0.0000 
154.0000 4.8057 0.0000 0.0000 NaN NaN NaN 2.0000 1.0000 NaN NaN 2016.0000 1011.0000 2.0000 1.0000 1.0000 1.0000 1.0000 
155.0000 1.9724 1.0000 1.0000 NaN NaN NaN 4.0000 1.0000 NaN NaN 4022.0000 1013.0000 1.0000 2.0000 1.0000 1.0000 1.0000 
156.0000 6.0839 1.0000 1.0000 NaN NaN NaN 3.0000 4.0000 NaN NaN 3017.0000 4029.0000 3.0000 1.0000 1.0000 1.0000 1.0000 
157.0000 2.6917 1.0000 5.0000 NaN NaN NaN 1.0000 2.0000 NaN NaN 1023.0000 2029.0000 2.0000 2.0000 1.0000 5.0000 5.0000 
158.0000 6.8904 1.0000 0.0000 NaN NaN NaN 4.0000 2.0000 NaN NaN 4014.0000 2018.0000 4.0000 2.0000 0.0000 0.0000 0.0000 
159.0000 4.8863 1.0000 0.0000 NaN NaN NaN 2.0000 4.0000 NaN NaN 2022.0000 4017.0000 4.0000 1.0000 0.0000 0.0000 0.0000 
160.0000 3.0946 1.0000 1.0000 NaN NaN NaN 2.0000 2.0000 NaN NaN 2012.0000 2018.0000 2.0000 1.0000 1.0000 1.0000 1.0000 
161.0000 3.1283 1.0000 0.0000 NaN NaN NaN 1.0000 4.0000 NaN NaN 1011.0000 4013.0000 4.0000 1.0000 0.0000 0.0000 0.0000 
162.0000 6.1890 1.0000 0.0000 NaN NaN NaN 2.0000 1.0000 NaN NaN 2011.0000 1021.0000 2.0000 2.0000 0.0000 0.0000 0.0000 
163.0000 2.1322 1.0000 5.0000 NaN NaN NaN 4.0000 3.0000 NaN NaN 4024.0000 3027.0000 4.0000 1.0000 1.0000 5.0000 5.0000 
164.0000 2.3494 1.0000 1.0000 NaN NaN NaN 3.0000 3.0000 NaN NaN 3017.0000 3011.0000 3.0000 1.0000 1.0000 1.0000 1.0000 
165.0000 5.2063 1.0000 1.0000 NaN NaN NaN 1.0000 3.0000 NaN NaN 1021.0000 3019.0000 3.0000 2.0000 1.0000 1.0000 1.0000 
166.0000 3.5363 1.0000 5.0000 NaN NaN NaN 3.0000 2.0000 NaN NaN 3023.0000 2023.0000 3.0000 1.0000 1.0000 5.0000 5.0000 
167.0000 2.9737 1.0000 5.0000 NaN NaN NaN 1.0000 1.0000 NaN NaN 1025.0000 1023.0000 1.0000 1.0000 1.0000 5.0000 5.0000 
168.0000 4.9365 1.0000 0.0000 NaN NaN NaN 2.0000 4.0000 NaN NaN 2012.0000 4014.0000 4.0000 1.0000 0.0000 0.0000 0.0000 
169.0000 3.1562 1.0000 1.0000 NaN NaN NaN 3.0000 2.0000 NaN NaN 3024.0000 2016.0000 2.0000 2.0000 1.0000 1.0000 1.0000 
170.0000 4.1554 1.0000 0.0000 NaN NaN NaN 3.0000 3.0000 NaN NaN 3017.0000 3028.0000 2.0000 1.0000 0.0000 0.0000 0.0000 
171.0000 3.9180 1.0000 5.0000 NaN NaN NaN 3.0000 1.0000 NaN NaN 3029.0000 1027.0000 1.0000 2.0000 1.0000 5.0000 5.0000 
172.0000 6.7658 1.0000 5.0000 NaN NaN NaN 1.0000 3.0000 NaN NaN 1028.0000 3027.0000 3.0000 2.0000 1.0000 5.0000 5.0000 
173.0000 3.8932 1.0000 1.0000 NaN NaN NaN 4.0000 1.0000 NaN NaN 4012.0000 1028.0000 4.0000 1.0000 1.0000 1.0000 1.0000 
174.0000 5.0447 1.0000 0.0000 NaN NaN NaN 3.0000 1.0000 NaN NaN 3015.0000 1014.0000 3.0000 2.0000 0.0000 0.0000 0.0000 
175.0000 2.1677 1.0000 1.0000 NaN NaN NaN 1.0000 4.0000 NaN NaN 1012.0000 4022.0000 1.0000 1.0000 1.0000 1.0000 1.0000 
176.0000 3.4592 1.0000 1.0000 NaN NaN NaN 4.0000 4.0000 NaN NaN 4018.0000 4023.0000 4.0000 1.0000 1.0000 1.0000 1.0000 
177.0000 3.5587 1.0000 1.0000 NaN NaN NaN 3.0000 2.0000 NaN NaN 3016.0000 2025.0000 3.0000 1.0000 1.0000 1.0000 1.0000 
178.0000 3.4714 1.0000 5.0000 NaN NaN NaN 2.0000 2.0000 NaN NaN 2028.0000 2014.0000 2.0000 1.0000 1.0000 5.0000 5.0000 
179.0000 1.9199 1.0000 5.0000 NaN NaN NaN 4.0000 4.0000 NaN NaN 4026.0000 4025.0000 4.0000 2.0000 1.0000 5.0000 5.0000 
180.0000 3.6634 0.0000 0.0000 NaN NaN NaN 2.0000 4.0000 NaN NaN 2017.0000 4011.0000 2.0000 1.0000 1.0000 1.0000 1.0000 
181.0000 3.0709 1.0000 5.0000 NaN NaN NaN 2.0000 2.0000 NaN NaN 2012.0000 2024.0000 2.0000 2.0000 1.0000 5.0000 5.0000 
182.0000 5.3801 1.0000 0.0000 NaN NaN NaN 4.0000 1.0000 NaN NaN 4021.0000 1012.0000 4.0000 2.0000 0.0000 0.0000 0.0000 
183.0000 4.4007 1.0000 0.0000 NaN NaN NaN 1.0000 2.0000 NaN NaN 1023.0000 2028.0000 1.0000 2.0000 0.0000 0.0000 0.0000 
184.0000 7.7279 1.0000 0.0000 NaN NaN NaN 1.0000 1.0000 NaN NaN 1029.0000 1016.0000 4.0000 2.0000 0.0000 0.0000 0.0000 
185.0000 7.9768 0.0000 5.0000 NaN NaN NaN 4.0000 1.0000 NaN NaN 4027.0000 1019.0000 1.0000 1.0000 0.0000 0.0000 0.0000 
186.0000 2.3768 1.0000 5.0000 NaN NaN NaN 3.0000 1.0000 NaN NaN 3012.0000 1028.0000 1.0000 2.0000 1.0000 5.0000 5.0000 
187.0000 1.4585 1.0000 5.0000 NaN NaN NaN 2.0000 1.0000 NaN NaN 2023.0000 1018.0000 2.0000 1.0000 1.0000 5.0000 5.0000 
188.0000 3.3697 1.0000 0.0000 NaN NaN NaN 3.0000 1.0000 NaN NaN 3021.0000 1024.0000 1.0000 1.0000 0.0000 0.0000 0.0000 
189.0000 2.2454 1.0000 1.0000 NaN NaN NaN 3.0000 2.0000 NaN NaN 3018.0000 2019.0000 2.0000 2.0000 1.0000 1.0000 1.0000 
190.0000 8.9822 0.0000 0.0000 NaN NaN NaN 1.0000 4.0000 NaN NaN 1022.0000 4012.0000 1.0000 1.0000 1.0000 5.0000 5.0000 
191.0000 3.5885 1.0000 5.0000 NaN NaN NaN 1.0000 1.0000 NaN NaN 1019.0000 1029.0000 1.0000 2.0000 1.0000 5.0000 5.0000 
192.0000 2.2116 1.0000 0.0000 NaN NaN NaN 2.0000 2.0000 NaN NaN 2017.0000 2027.0000 3.0000 2.0000 0.0000 0.0000 0.0000 
193.0000 2.8651 0.0000 5.0000 NaN NaN NaN 4.0000 3.0000 NaN NaN 4022.0000 3018.0000 3.0000 2.0000 1.0000 1.0000 1.0000 
194.0000 1.5355 1.0000 5.0000 NaN NaN NaN 3.0000 3.0000 NaN NaN 3026.0000 3027.0000 3.0000 1.0000 1.0000 5.0000 5.0000 
195.0000 1.5353 1.0000 5.0000 NaN NaN NaN 4.0000 2.0000 NaN NaN 4023.0000 2019.0000 4.0000 1.0000 1.0000 5.0000 5.0000 
196.0000 2.8385 1.0000 1.0000 NaN NaN NaN 1.0000 2.0000 NaN NaN 1011.0000 2026.0000 1.0000 1.0000 1.0000 1.0000 1.0000 
197.0000 3.4282 1.0000 1.0000 NaN NaN NaN 3.0000 2.0000 NaN NaN 3025.0000 2019.0000 2.0000 2.0000 1.0000 1.0000 1.0000 
198.0000 4.0248 1.0000 1.0000 NaN NaN NaN 3.0000 3.0000 NaN NaN 3028.0000 3019.0000 3.0000 2.0000 1.0000 1.0000 1.0000 
199.0000 3.0978 1.0000 1.0000 NaN NaN NaN 2.0000 1.0000 NaN NaN 2018.0000 1017.0000 1.0000 2.0000 1.0000 1.0000 1.0000 
200.0000 1.5390 1.0000 5.0000 NaN NaN NaN 4.0000 4.0000 NaN NaN 4018.0000 4029.0000 4.0000 2.0000 1.0000 5.0000 5.0000 
201.0000 1.2442 1.0000 1.0000 NaN NaN NaN 4.0000 4.0000 NaN NaN 4019.0000 4012.0000 4.0000 1.0000 1.0000 1.0000 1.0000 
202.0000 6.5716 1.0000 5.0000 NaN NaN NaN 2.0000 3.0000 NaN NaN 2026.0000 3028.0000 2.0000 1.0000 1.0000 5.0000 5.0000 
203.0000 19.4259 0.0000 0.0000 NaN NaN NaN 1.0000 4.0000 NaN NaN 1023.0000 4024.0000 4.0000 2.0000 1.0000 5.0000 5.0000 
204.0000 2.0241 1.0000 5.0000 NaN NaN NaN 2.0000 4.0000 NaN NaN 2029.0000 4026.0000 2.0000 1.0000 1.0000 5.0000 5.0000 
205.0000 3.9640 0.0000 1.0000 NaN NaN NaN 4.0000 1.0000 NaN NaN 4017.0000 1019.0000 1.0000 1.0000 0.0000 0.0000 0.0000 
206.0000 2.5266 1.0000 5.0000 NaN NaN NaN 1.0000 3.0000 NaN NaN 1017.0000 3025.0000 3.0000 2.0000 1.0000 5.0000 5.0000 
207.0000 1.3921 0.0000 5.0000 NaN NaN NaN 2.0000 1.0000 NaN NaN 2021.0000 1029.0000 1.0000 1.0000 0.0000 0.0000 0.0000 
208.0000 21.6535 0.0000 0.0000 NaN NaN NaN 2.0000 3.0000 NaN NaN 2012.0000 3028.0000 3.0000 2.0000 1.0000 5.0000 5.0000 
209.0000 2.1274 1.0000 1.0000 NaN NaN NaN 2.0000 1.0000 NaN NaN 2019.0000 1029.0000 2.0000 1.0000 1.0000 1.0000 1.0000 
210.0000 3.0669 1.0000 5.0000 NaN NaN NaN 3.0000 1.0000 NaN NaN 3029.0000 1024.0000 1.0000 2.0000 1.0000 5.0000 5.0000 
211.0000 4.0453 1.0000 5.0000 NaN NaN NaN 3.0000 4.0000 NaN NaN 3028.0000 4029.0000 3.0000 1.0000 1.0000 5.0000 5.0000 
212.0000 3.9197 0.0000 5.0000 NaN NaN NaN 4.0000 2.0000 NaN NaN 4024.0000 2014.0000 2.0000 2.0000 1.0000 1.0000 1.0000 
213.0000 1.2956 1.0000 1.0000 NaN NaN NaN 4.0000 1.0000 NaN NaN 4022.0000 1014.0000 1.0000 2.0000 1.0000 1.0000 1.0000 
214.0000 2.0127 0.0000 1.0000 NaN NaN NaN 4.0000 2.0000 NaN NaN 4021.0000 2012.0000 2.0000 1.0000 0.0000 0.0000 0.0000 
215.0000 2.6472 1.0000 1.0000 NaN NaN NaN 1.0000 2.0000 NaN NaN 1015.0000 2022.0000 1.0000 1.0000 1.0000 1.0000 1.0000 
216.0000 3.6245 1.0000 0.0000 NaN NaN NaN 1.0000 3.0000 NaN NaN 1011.0000 3018.0000 1.0000 2.0000 0.0000 0.0000 0.0000 
217.0000 3.5674 1.0000 0.0000 NaN NaN NaN 1.0000 2.0000 NaN NaN 1019.0000 2025.0000 2.0000 1.0000 0.0000 0.0000 0.0000 
218.0000 4.1774 1.0000 5.0000 NaN NaN NaN 4.0000 3.0000 NaN NaN 4024.0000 3027.0000 4.0000 1.0000 1.0000 5.0000 5.0000 
219.0000 8.8543 0.0000 0.0000 NaN NaN NaN 4.0000 4.0000 NaN NaN 4018.0000 4029.0000 4.0000 2.0000 1.0000 5.0000 5.0000 
220.0000 2.7344 1.0000 1.0000 NaN NaN NaN 2.0000 1.0000 NaN NaN 2017.0000 1019.0000 2.0000 1.0000 1.0000 1.0000 1.0000 
221.0000 2.1185 1.0000 1.0000 NaN NaN NaN 3.0000 1.0000 NaN NaN 3012.0000 1019.0000 1.0000 2.0000 1.0000 1.0000 1.0000 
222.0000 5.2757 0.0000 5.0000 NaN NaN NaN 3.0000 1.0000 NaN NaN 3014.0000 1021.0000 3.0000 1.0000 1.0000 1.0000 1.0000 
223.0000 2.1074 1.0000 1.0000 NaN NaN NaN 4.0000 3.0000 NaN NaN 4016.0000 3018.0000 4.0000 1.0000 1.0000 1.0000 1.0000 
224.0000 2.4335 0.0000 5.0000 NaN NaN NaN 1.0000 3.0000 NaN NaN 1012.0000 3028.0000 3.0000 1.0000 0.0000 0.0000 0.0000 
225.0000 3.2900 1.0000 0.0000 NaN NaN NaN 1.0000 4.0000 NaN NaN 1024.0000 4029.0000 1.0000 2.0000 0.0000 0.0000 0.0000 
226.0000 2.0023 1.0000 1.0000 NaN NaN NaN 3.0000 4.0000 NaN NaN 3023.0000 4011.0000 4.0000 2.0000 1.0000 1.0000 1.0000 
227.0000 3.0449 1.0000 0.0000 NaN NaN NaN 4.0000 3.0000 NaN NaN 4023.0000 3013.0000 4.0000 2.0000 0.0000 0.0000 0.0000 
228.0000 2.6542 1.0000 1.0000 NaN NaN NaN 1.0000 1.0000 NaN NaN 1015.0000 1019.0000 1.0000 2.0000 1.0000 1.0000 1.0000 
229.0000 4.1440 1.0000 0.0000 NaN NaN NaN 3.0000 3.0000 NaN NaN 3026.0000 3018.0000 2.0000 2.0000 0.0000 0.0000 0.0000 
230.0000 18.5660 1.0000 1.0000 NaN NaN NaN 2.0000 2.0000 NaN NaN 2019.0000 2012.0000 2.0000 1.0000 1.0000 1.0000 1.0000 
231.0000 5.8764 1.0000 0.0000 NaN NaN NaN 4.0000 3.0000 NaN NaN 4021.0000 3012.0000 3.0000 1.0000 0.0000 0.0000 0.0000 
232.0000 2.9694 1.0000 5.0000 NaN NaN NaN 4.0000 2.0000 NaN NaN 4024.0000 2023.0000 4.0000 1.0000 1.0000 5.0000 5.0000 
233.0000 4.2024 1.0000 5.0000 NaN NaN NaN 1.0000 2.0000 NaN NaN 1024.0000 2025.0000 2.0000 2.0000 1.0000 5.0000 5.0000 
234.0000 4.6750 1.0000 0.0000 NaN NaN NaN 2.0000 4.0000 NaN NaN 2027.0000 4013.0000 2.0000 2.0000 0.0000 0.0000 0.0000 
235.0000 4.2286 1.0000 5.0000 NaN NaN NaN 1.0000 3.0000 NaN NaN 1019.0000 3024.0000 3.0000 2.0000 1.0000 5.0000 5.0000 
236.0000 4.6959 1.0000 0.0000 NaN NaN NaN 1.0000 2.0000 NaN NaN 1027.0000 2028.0000 1.0000 2.0000 0.0000 0.0000 0.0000 
237.0000 3.0080 1.0000 5.0000 NaN NaN NaN 4.0000 4.0000 NaN NaN 4022.0000 4024.0000 4.0000 2.0000 1.0000 5.0000 5.0000 
238.0000 2.0633 1.0000 1.0000 NaN NaN NaN 3.0000 3.0000 NaN NaN 3014.0000 3012.0000 3.0000 1.0000 1.0000 1.0000 1.0000 
239.0000 2.6012 1.0000 5.0000 NaN NaN NaN 3.0000 3.0000 NaN NaN 3025.0000 3019.0000 3.0000 1.0000 1.0000 5.0000 5.0000 
240.0000 1.9622 0.0000 1.0000 NaN NaN NaN 3.0000 2.0000 NaN NaN 3014.0000 2017.0000 2.0000 1.0000 0.0000 0.0000 0.0000 
241.0000 1.3515 0.0000 1.0000 NaN NaN NaN 2.0000 4.0000 NaN NaN 2018.0000 4025.0000 2.0000 2.0000 0.0000 0.0000 0.0000 
242.0000 2.1552 1.0000 5.0000 NaN NaN NaN 1.0000 1.0000 NaN NaN 1017.0000 1028.0000 1.0000 2.0000 1.0000 5.0000 5.0000 
243.0000 22.3828 0.0000 5.0000 NaN NaN NaN 3.0000 1.0000 NaN NaN 3018.0000 1014.0000 3.0000 1.0000 1.0000 1.0000 1.0000 
244.0000 2.4964 0.0000 1.0000 NaN NaN NaN 4.0000 2.0000 NaN NaN 4027.0000 2016.0000 2.0000 1.0000 0.0000 0.0000 0.0000 
245.0000 2.9801 1.0000 1.0000 NaN NaN NaN 3.0000 3.0000 NaN NaN 3029.0000 3015.0000 3.0000 2.0000 1.0000 1.0000 1.0000 
246.0000 2.4831 1.0000 1.0000 NaN NaN NaN 4.0000 2.0000 NaN NaN 4027.0000 2018.0000 2.0000 2.0000 1.0000 1.0000 1.0000 
247.0000 1.8704 1.0000 5.0000 NaN NaN NaN 4.0000 2.0000 NaN NaN 4019.0000 2028.0000 2.0000 2.0000 1.0000 5.0000 5.0000 
248.0000 2.2959 1.0000 1.0000 NaN NaN NaN 1.0000 3.0000 NaN NaN 1014.0000 3028.0000 1.0000 1.0000 1.0000 1.0000 1.0000 
249.0000 7.5582 0.0000 5.0000 NaN NaN NaN 4.0000 1.0000 NaN NaN 4012.0000 1017.0000 4.0000 1.0000 1.0000 1.0000 1.0000 
250.0000 1.7576 1.0000 5.0000 NaN NaN NaN 1.0000 4.0000 NaN NaN 1021.0000 4015.0000 1.0000 1.0000 1.0000 5.0000 5.0000 
251.0000 4.3081 0.0000 1.0000 NaN NaN NaN 1.0000 3.0000 NaN NaN 1021.0000 3011.0000 1.0000 1.0000 1.0000 5.0000 5.0000 
252.0000 2.1919 1.0000 1.0000 NaN NaN NaN 4.0000 4.0000 NaN NaN 4015.0000 4014.0000 4.0000 2.0000 1.0000 1.0000 1.0000 
253.0000 2.0975 1.0000 5.0000 NaN NaN NaN 4.0000 3.0000 NaN NaN 4028.0000 3013.0000 4.0000 1.0000 1.0000 5.0000 5.0000 
254.0000 2.2622 1.0000 1.0000 NaN NaN NaN 2.0000 2.0000 NaN NaN 2011.0000 2021.0000 2.0000 1.0000 1.0000 1.0000 1.0000 
255.0000 2.2551 1.0000 1.0000 NaN NaN NaN 1.0000 2.0000 NaN NaN 1012.0000 2018.0000 1.0000 1.0000 1.0000 1.0000 1.0000 
256.0000 22.0563 0.0000 1.0000 NaN NaN NaN 3.0000 2.0000 NaN NaN 3011.0000 2021.0000 2.0000 1.0000 0.0000 0.0000 0.0000 
257.0000 3.1041 0.0000 0.0000 NaN NaN NaN 3.0000 2.0000 NaN NaN 3021.0000 2012.0000 2.0000 2.0000 1.0000 1.0000 1.0000 
258.0000 9.7746 0.0000 0.0000 NaN NaN NaN 2.0000 2.0000 NaN NaN 2022.0000 2017.0000 2.0000 1.0000 1.0000 5.0000 5.0000 
259.0000 1.7133 1.0000 5.0000 NaN NaN NaN 2.0000 4.0000 NaN NaN 2025.0000 4015.0000 2.0000 1.0000 1.0000 5.0000 5.0000 
260.0000 3.7752 1.0000 0.0000 NaN NaN NaN 3.0000 4.0000 NaN NaN 3015.0000 4019.0000 3.0000 2.0000 0.0000 0.0000 0.0000 
261.0000 14.8542 0.0000 5.0000 NaN NaN NaN 1.0000 2.0000 NaN NaN 1029.0000 2013.0000 2.0000 2.0000 1.0000 1.0000 1.0000 
262.0000 1.9363 1.0000 1.0000 NaN NaN NaN 3.0000 4.0000 NaN NaN 3021.0000 4013.0000 4.0000 2.0000 1.0000 1.0000 1.0000 
263.0000 3.1952 1.0000 0.0000 NaN NaN NaN 2.0000 3.0000 NaN NaN 2026.0000 3014.0000 2.0000 2.0000 0.0000 0.0000 0.0000 
264.0000 4.0839 1.0000 1.0000 NaN NaN NaN 4.0000 2.0000 NaN NaN 4013.0000 2011.0000 2.0000 2.0000 1.0000 1.0000 1.0000 
265.0000 5.9539 1.0000 0.0000 NaN NaN NaN 4.0000 4.0000 NaN NaN 4015.0000 4027.0000 1.0000 1.0000 0.0000 0.0000 0.0000 
266.0000 3.4419 1.0000 0.0000 NaN NaN NaN 1.0000 1.0000 NaN NaN 1019.0000 1025.0000 4.0000 1.0000 0.0000 0.0000 0.0000 
267.0000 5.6509 1.0000 0.0000 NaN NaN NaN 1.0000 3.0000 NaN NaN 1023.0000 3015.0000 1.0000 2.0000 0.0000 0.0000 0.0000 
268.0000 2.9866 1.0000 0.0000 NaN NaN NaN 3.0000 1.0000 NaN NaN 3021.0000 1029.0000 1.0000 1.0000 0.0000 0.0000 0.0000 
269.0000 4.1261 0.0000 1.0000 NaN NaN NaN 3.0000 3.0000 NaN NaN 3027.0000 3016.0000 3.0000 1.0000 1.0000 5.0000 5.0000 
270.0000 5.4990 0.0000 0.0000 NaN NaN NaN 1.0000 2.0000 NaN NaN 1023.0000 2013.0000 2.0000 2.0000 1.0000 1.0000 1.0000 
271.0000 3.3209 1.0000 0.0000 NaN NaN NaN 1.0000 1.0000 NaN NaN 1014.0000 1028.0000 4.0000 1.0000 0.0000 0.0000 0.0000 
272.0000 3.0446 1.0000 1.0000 NaN NaN NaN 1.0000 1.0000 NaN NaN 1016.0000 1012.0000 1.0000 1.0000 1.0000 1.0000 1.0000 
273.0000 7.5570 1.0000 0.0000 NaN NaN NaN 2.0000 2.0000 NaN NaN 2019.0000 2024.0000 3.0000 2.0000 0.0000 0.0000 0.0000 
274.0000 2.1173 1.0000 5.0000 NaN NaN NaN 2.0000 2.0000 NaN NaN 2023.0000 2014.0000 2.0000 1.0000 1.0000 5.0000 5.0000 
275.0000 0.7632 1.0000 1.0000 NaN NaN NaN 2.0000 2.0000 NaN NaN 2014.0000 2012.0000 2.0000 2.0000 1.0000 1.0000 1.0000 
276.0000 2.6148 1.0000 1.0000 NaN NaN NaN 2.0000 3.0000 NaN NaN 2012.0000 3029.0000 2.0000 1.0000 1.0000 1.0000 1.0000 
277.0000 5.2990 0.0000 0.0000 NaN NaN NaN 4.0000 1.0000 NaN NaN 4015.0000 1025.0000 4.0000 1.0000 1.0000 1.0000 1.0000 
278.0000 2.8970 1.0000 1.0000 NaN NaN NaN 3.0000 1.0000 NaN NaN 3015.0000 1011.0000 1.0000 2.0000 1.0000 1.0000 1.0000 
279.0000 4.2584 1.0000 0.0000 NaN NaN NaN 3.0000 2.0000 NaN NaN 3027.0000 2025.0000 2.0000 1.0000 0.0000 0.0000 0.0000 
280.0000 3.2821 1.0000 1.0000 NaN NaN NaN 4.0000 2.0000 NaN NaN 4018.0000 2025.0000 4.0000 1.0000 1.0000 1.0000 1.0000 
281.0000 2.8488 1.0000 1.0000 NaN NaN NaN 4.0000 1.0000 NaN NaN 4017.0000 1016.0000 4.0000 1.0000 1.0000 1.0000 1.0000 
282.0000 4.1115 1.0000 5.0000 NaN NaN NaN 2.0000 3.0000 NaN NaN 2023.0000 3016.0000 2.0000 1.0000 1.0000 5.0000 5.0000 
283.0000 2.1907 1.0000 1.0000 NaN NaN NaN 2.0000 4.0000 NaN NaN 2013.0000 4012.0000 2.0000 1.0000 1.0000 1.0000 1.0000 
284.0000 3.1673 1.0000 5.0000 NaN NaN NaN 1.0000 4.0000 NaN NaN 1021.0000 4016.0000 1.0000 1.0000 1.0000 5.0000 5.0000 
285.0000 3.6830 0.0000 0.0000 NaN NaN NaN 3.0000 1.0000 NaN NaN 3019.0000 1029.0000 1.0000 2.0000 1.0000 5.0000 5.0000 
286.0000 2.7279 0.0000 1.0000 NaN NaN NaN 3.0000 3.0000 NaN NaN 3028.0000 3011.0000 3.0000 1.0000 1.0000 5.0000 5.0000 
287.0000 2.0061 1.0000 1.0000 NaN NaN NaN 3.0000 1.0000 NaN NaN 3029.0000 1017.0000 1.0000 2.0000 1.0000 1.0000 1.0000 
288.0000 8.9467 0.0000 1.0000 NaN NaN NaN 1.0000 4.0000 NaN NaN 1011.0000 4019.0000 1.0000 2.0000 0.0000 0.0000 0.0000 